original:
7232374314
8531113786
3411787828
5482241344
5856827742
7614532764
5311321758
1255116187
5821277714
2623834788

step 1 (0 flashes):
8343485425
9642224897
4522898939
6593352455
6967938853
8725643875
6422432869
2366227298
6932388825
3734945899

step 2 (46 flashes):
0764597768
0074569000
0075000090
0009909997
0000070095
0079978009
9743557000
4587460000
8054600000
5956090000

step 3 (28 flashes):
1875800089
1185800532
1198455604
1120040000
1135706600
2290000440
0967000322
7899804211
0375933111
8077202111

step 4 (25 flashes):
3000031200
3600031765
2400876715
2353251111
2357817711
4604211551
4000421433
0000035322
3900064222
9300623222

step 5 (2 flashes):
4111142311
4711142876
3511987826
3464362222
3468928822
5715322662
5111532544
2221146433
6021175333
0621734333

step 6 (11 flashes):
5222254643
5823487008
4623000068
4588909753
4580060043
6838655983
6222643655
3332257544
7132286444
1732845444

step 7 (9 flashes):
6333365754
6934598119
5857332279
5800030964
6906493475
8070867005
8454855987
4443368655
8243397555
2843956555

step 8 (33 flashes):
9654598976
0065700450
0098566700
0041253009
0038808908
0593000648
0767000009
6655800097
9355700976
3955099766

step 9 (28 flashes):
0866800097
2399044771
1200887822
1286686340
1260030050
1707333990
1989111250
8866912400
0676935000
6076200000

step 10 (35 flashes):
2000022400
4700699005
2435000064
2399000761
3493474482
4060645002
6000633582
0000043511
4000066111
8400621111

step 11 (5 flashes):
3111255611
5811800216
3668333275
3600211872
4707685593
5282756113
7111744693
1111154622
5111177222
9511732222

step 12 (6 flashes):
4222366722
6922911438
4779445608
4711323006
5818797906
6393867446
8222855805
2222265844
7322288333
0722843333

step 13 (27 flashes):
6444587833
9076032549
8000766719
8086867327
8060000037
8609000087
9446000046
3334700075
8434600754
1834086544

step 14 (10 flashes):
8655698955
0387143670
0411877840
0497978449
0592211148
0030211198
0878211157
5545811186
9545711865
2945197655

step 15 (32 flashes):
9766900097
1499600002
1646000093
1700000880
1807654490
1252322400
1989322500
7756923600
0866946009
5066300097

step 16 (31 flashes):
0000031209
4900031335
2880422406
2822212004
2918766803
3595533622
5000743611
0000054722
4000077240
7400721200

step 17 (8 flashes):
2221142320
7042142457
6002533517
6085423115
5060977914
5808744733
6222854722
1111165833
5111188351
8511832311

step 18 (19 flashes):
3332253431
8153253568
7113644628
7197767436
6184000045
6920000074
7346000063
2223600064
6223500772
9623075522

step 19 (5 flashes):
4443364542
9264364679
8346855739
8400978547
8508211156
8052111185
9567111174
3334711175
8434611883
0834186633

step 20 (20 flashes):
6654598985
0576700000
0759000090
0824000979
0920654367
0474322296
0878222285
5545822286
9545722994
1945297744

step 21 (27 flashes):
7766800007
1699044543
2980322404
3066212000
3051766800
2695433600
1989333600
7756934700
0866957008
4066400086

step 22 (26 flashes):
0000021118
6000465654
5004533515
5398323111
5383877911
5009644711
6000754711
0000065811
4000088119
6400821197

step 23 (9 flashes):
1111132229
7111576765
6237744626
6600645332
6609099032
6230966932
7122965822
1111176933
5111199350
7511932300

step 24 (18 flashes):
2222243340
8222687887
7348855737
7722978543
7720500453
7354000063
8235000063
2223600064
6223500771
8623075511

step 25 (13 flashes):
3334587772
9346000009
8460000079
8846000964
8832843664
8465111174
9346111174
3334711175
7334611882
9734186622

step 26 (14 flashes):
5545698894
0657111240
0981112400
0077112008
0063955996
0986222285
0657222285
5545822286
9545722993
0945297733

step 27 (37 flashes):
6656800006
2989345672
2005323522
2500534350
2500077000
3000744700
3000743600
8990054700
0879077007
3067500075

step 28 (15 flashes):
9000021117
5000766783
4348534633
3611645461
3611188111
4111855811
6432854711
0004265811
4000388118
5400811186

step 29 (1 flashes):
0211132228
7211877894
5459645744
4722756572
4722299222
5222966922
7543965822
1115376922
5111499229
6511922297

step 30 (36 flashes):
1323476660
8335000008
6570000008
5846000005
5835800964
6335000053
8656000063
2227800064
6223800770
7623065500

step 31 (1 flashes):
2434587771
9446111119
7681111119
6957112226
6946912085
7446112274
9767111174
3338911175
7334911881
8734176611

step 32 (26 flashes):
4645698893
0978222240
0005322240
0000533348
0000033196
0000633385
0000632285
6780042286
8458042992
9846397722

step 33 (22 flashes):
6866800005
2099456672
2226433362
1111644580
1111144400
1111744700
1111743600
8991154700
0879277006
0067500064

step 34 (14 flashes):
8000021116
4400877783
3459644473
2222755691
2222255511
2222855811
4543854711
0005365811
4000588117
2400811175

step 35 (3 flashes):
9112242227
5523098894
4570965695
3344966803
3333366733
3333966922
5654965822
1116476922
5111699228
3511922286

step 36 (34 flashes):
0323476659
7735400007
5683000008
4457000055
4446900074
4446000063
6779000063
2230000053
6236000649
4624075497

step 37 (6 flashes):
1434587770
8846511129
6794111119
5569221166
5558021185
5569321174
7890211174
3352211175
7347111880
5735186600

step 38 (22 flashes):
4755698892
0088622250
0008322240
0000532288
0000432296
0000632285
0004422285
6784322286
8458222991
6846297711

step 39 (19 flashes):
5866800004
1199856682
1119433473
1111643500
1111543600
1111743600
1115533600
7895434700
9569457005
7957400053

step 40 (19 flashes):
7000031115
3500087793
2350854584
2233854611
2222654711
2222854711
4547644711
0009645811
0000768116
0000711164

step 41 (4 flashes):
8111143447
4611199006
3461966907
3344965833
3333765822
3333965822
5669855822
1120856922
1122979227
1111822275

step 42 (31 flashes):
9222376658
5723500427
4574000038
4458000074
4447000063
4458000063
6780000063
2245000053
2236000648
2224075486

step 43 (1 flashes):
0433487769
7934611538
5685111149
5569111185
5558111174
5569111174
7891111174
3356111164
3347111759
3335186597

step 44 (27 flashes):
3754598890
0076722670
0009322380
0000422308
0000522396
0000422285
0005322285
6788222286
4458222990
4446297700

step 45 (23 flashes):
4866800003
1199067004
1120644704
1122633650
1111633600
1111533600
1116433600
7899334700
5569457004
5557400042

step 46 (12 flashes):
6000021114
3500488115
2353855815
2233744761
2222744711
2222644711
3459644711
9000645811
7900868115
6790711153

step 47 (7 flashes):
7111132225
4611599226
3464966926
3344855872
3333855822
3344855822
5670855822
0432856922
0042979226
0002822264

step 48 (31 flashes):
8222365436
5723900647
4577000068
4458000004
4447000074
4458000063
6784000063
1546000053
1156000647
1115075475

step 49 (1 flashes):
9334586547
6835021758
5689221179
5569111115
5558111185
5569111174
7895111174
2657111164
2267111758
2226186586

step 50 (26 flashes):
0755697669
0088232990
0000532300
0000522348
0000522296
0000422285
0009322285
6099222275
4488222869
3337297697

step 51 (30 flashes):
1866800000
1199467004
1111644643
1111633580
1111633500
1122633600
1240633600
7300634700
5700757000
4570600000

step 52 (6 flashes):
3000021111
3500888115
2344855754
2222744691
2222744611
2233744711
2351744711
8411745811
6811868111
5681711111

step 53 (1 flashes):
4111132222
4611999226
3455966976
3333855803
3333855833
3344855822
3462855822
9522856922
7922979222
6792822222

step 54 (38 flashes):
5223475433
5724000758
4569000008
4447000055
4447000074
4458000063
5676000063
0946000053
0067000643
0006075433

step 55 (2 flashes):
6334586544
6846211869
5680211119
5569211166
5558111185
5569111174
7897111174
2067111164
2288111754
1117186544

step 56 (28 flashes):
9655697666
0088322990
0004422240
0000522288
0000522296
0000522285
0000522285
5600522275
3500522865
2350497655

step 57 (15 flashes):
0866800009
2299557003
1115534694
1111633500
1111633600
1111633600
1111633509
6711633497
4611744976
3461609766

step 58 (18 flashes):
2000021120
4600978236
2348745806
2222744722
2222744711
2222744722
2222744740
7822745800
5722868000
4572720000

step 59 (10 flashes):
3112364331
5724000657
3460000037
3346099053
3334966932
3333855833
3333855851
8933856911
6833979111
5683831111

step 60 (28 flashes):
4223475442
6835111768
4571233248
4458400474
4447000063
4447000074
6657000092
0067000042
0088000532
9007084322

step 61 (2 flashes):
5334586553
7946222879
5682344359
5569511585
5558111174
5558111296
7768111204
1178111264
2299111643
0218195433

step 62 (36 flashes):
8655698896
0088334000
0006556800
0000822900
0000522509
0000522509
0000522426
4700522375
3500633754
1450507544

step 63 (8 flashes):
9766800008
1199569542
1117669031
1111935042
1111634740
1111633630
1111633548
5811633486
4611744865
2561618655

step 64 (15 flashes):
0000053219
4600000853
2350000342
2235088253
2223855851
2222744741
2222744659
6922744597
5722855976
3672729766

step 65 (12 flashes):
1111164330
5711111975
3461111453
3346199364
3334966962
3333855863
4443855890
8043856900
7943979000
4783840000

step 66 (31 flashes):
2222276551
6822223096
4572345774
4458500896
4447000005
4447000007
6657000003
0467000042
0088000421
8007093211

step 67 (6 flashes):
3333387773
7933335409
5683458008
5569613009
5558112337
5558111118
7768111114
1578111153
1199222532
9118205322

step 68 (31 flashes):
6654498895
0075446530
0007669140
0000924130
0000523459
0000522229
0000522225
5000522264
4600633643
0450516433

step 69 (15 flashes):
7766800007
1199000072
1120000561
1124077352
1112744580
1111633350
1111633347
6111633375
5711744754
1561627544

step 70 (6 flashes):
9000021118
3500421183
2353211672
2235188463
2223855691
2222744461
2222744458
7222744486
6822855865
2672738655

step 71 (2 flashes):
0211132229
5711532294
3464322783
3346299685
3334966803
3333855683
3333855569
8333855597
7933966976
3783849766

step 72 (46 flashes):
1322243450
6822644608
4575557007
4458600008
4447000066
4447000007
5547000000
0757000000
0078000000
7007000000

step 73 (0 flashes):
2433354561
7933755719
5686668118
5569711119
5558111177
5558111118
6658111111
1868111111
1189111111
8118111111

step 74 (37 flashes):
5755686683
0088009940
0000000350
0000064340
0000632299
0000522229
0000522222
5000522222
3500522222
9350422222

step 75 (10 flashes):
6866800005
1199240082
1111123671
1111175573
1111743400
1111633460
1111633344
6111633333
5711633333
0561533333

step 76 (6 flashes):
8000021116
3500661193
2344334782
2222286684
2222854511
2222744571
2222744455
7222744444
6822744444
1672644444

step 77 (5 flashes):
9111132338
4611773506
3455447006
3333399007
3333966843
3333855682
3333855566
8333855555
7933855555
2783755555

step 78 (32 flashes):
0322243449
6822895717
4566680317
4445700528
4446000085
4447000005
5547000009
0757000097
0078000976
6007009766

step 79 (17 flashes):
1434575560
7946008839
5680003428
5569042639
5558221196
5558111127
6658111240
1868112400
1189124000
7118120000

step 80 (31 flashes):
4755686682
0088119960
0004214560
0000353870
0000632309
0000522349
0000522351
5000523511
3500535111
8350431111

step 81 (9 flashes):
5866800005
1199350003
1115337992
1111464992
1111743430
1111633470
1111633473
6111634622
4611646222
9461542222

step 82 (12 flashes):
7000021116
3500783435
2348550005
2222588005
2222855762
2222744581
2222744584
7222745733
6822757333
0672653333

step 83 (0 flashes):
8111132227
4611894546
3459661116
3333699116
3333966873
3333855692
3333855695
8333856844
7933868444
1783764444

step 84 (37 flashes):
9223464338
5735007657
4570006327
4458000648
4447000006
4447000006
5547000008
0757000086
0078000865
5007008655

step 85 (1 flashes):
0434575449
7946118768
5681117438
5569111759
5558111117
5558111117
6658111119
1868111197
1189111976
6118119766

step 86 (42 flashes):
3755686680
0088229900
0005328680
0000422880
0000522239
0000522239
0000522350
5000523500
3500535000
7350430000

step 87 (13 flashes):
4866800002
1199470063
1116450003
1111546004
1111634580
1111633360
1111633472
6111634611
4611646111
8461541111

step 88 (6 flashes):
6000021113
3500891174
2349661114
2222657115
2222745691
2222744471
2222744583
7222745722
5722757222
9572652222

step 89 (8 flashes):
7112353224
4624004285
3460004225
3346099337
3334966803
3333855693
3333855694
8333856833
7933868333
0783763333

step 90 (30 flashes):
8223464335
5735115396
4571237436
4458400758
4447000045
4447000006
5547000007
0757000075
0078000754
4007007544

step 91 (1 flashes):
9334575557
6846226508
5682348658
5569511869
5558111156
5558111117
6658111118
1868111186
1189111865
5118118655

step 92 (31 flashes):
0755686679
0088337630
0006559790
0000822990
0000522278
0000522228
0000522229
5000522297
3500522976
6350429766

step 93 (26 flashes):
1866800000
1199580005
1117680004
1111946005
1111634600
1111633470
1111633470
6111634600
4611646000
7461540000

step 94 (12 flashes):
3000042111
3500003116
2350003115
2235088116
2223855711
2222744581
2222744581
7222745711
5722757111
8572651111

step 95 (0 flashes):
4111153222
4611114227
3461114226
3346199227
3334966822
3333855692
3333855692
8333856822
6833868222
9683762222

step 96 (31 flashes):
5222264333
5722225338
4572347437
4458500648
4447000064
4447000005
5547000005
0757000064
0078000643
0007006433

step 97 (0 flashes):
6333375444
6833336449
5683458548
5569611759
5558111175
5558111116
6658111116
1868111175
1189111754
1118117544

step 98 (30 flashes):
9654486566
0075447570
0007669680
0000922880
0000522297
0000522227
0000522227
5000522286
3500522865
2350428655

step 99 (22 flashes):
0866800009
2299000004
1120000004
1124077005
1112744600
1111633460
1111633349
6111633397
4611633976
3461539766

step 100 (17 flashes):
2000021120
4600421126
2353211115
2235188116
2223855711
2222744582
2222744580
7222745700
5722757000
4572650000